Time:    0.061 s
tmin =   0.0000 ps, tmax =   1.0000 ps, deltat =   0.0100 ps, initial M =      -1.09147274E-10       0.00000000E+00       5.00000000E+00 mu_B
tmin =   0.0000 ps, tmax =   1.0000 ps, deltat =   0.0100 ps,   final M =      -1.09169132E-10       3.26915971E-15       4.99976215E+00 mu_B

